      20    1  2.0000E+00   2.9403   4.6307      1      17377  4.5459E-01  1.1322E-02  2.4564E-01   78.0490
      20    2  2.0000E+00   2.8974   4.5233      1      33367  4.1331E-01  1.2800E-02  2.2516E-01    9.7100
      20    3  2.0000E+00   2.8265   4.4190      1      18364  3.8000E-01  1.4184E-02  2.0665E-01    4.5460
      20    4  2.0000E+00   2.7251   4.3229      1      18364  3.5642E-01  1.5499E-02  1.9109E-01    4.5550
      20    5  2.0000E+00   2.5928   4.2177      1      19418  3.4199E-01  1.6702E-02  1.7922E-01    4.5440
      20    6  2.0000E+00   2.4520   4.1376      1      18481  3.3434E-01  1.7696E-02  1.7127E-01    4.5530
      20    7  2.0000E+00   2.3880   4.1844      1      21651  3.3218E-01  1.8406E-02  1.6741E-01    4.5470
      20    8  2.0000E+00   2.4369   4.2441      1      21651  3.3457E-01  1.8775E-02  1.6748E-01    4.5460
      20    9  2.0000E+00   2.5090   4.2816      1      19145  3.3988E-01  1.8852E-02  1.7041E-01    4.5480
      20   10  2.0000E+00   2.5583   4.2819      1      19145  3.4676E-01  1.8728E-02  1.7488E-01    4.5450
      20   11  2.0000E+00   2.5795   4.2401      1      19145  3.5499E-01  1.8492E-02  1.8016E-01    4.5490
      20   12  2.0000E+00   2.5753   4.2058      1      18364  3.6427E-01  1.8213E-02  1.8582E-01    4.6300
      20   13  2.0000E+00   2.5492   4.1927      1      18364  3.7401E-01  1.7935E-02  1.9146E-01    4.5420
      20   14  2.0000E+00   2.5046   4.1432      1      18364  3.8337E-01  1.7685E-02  1.9678E-01    4.5460
      20   15  2.0000E+00   2.4463   4.1382      1      19418  3.9157E-01  1.7479E-02  2.0151E-01    4.6260
      20   16  2.0000E+00   2.3831   4.1480      1      20091  3.9809E-01  1.7320E-02  2.0548E-01    4.5490
      20   17  2.0000E+00   2.3304   4.1582      1      20091  4.0284E-01  1.7187E-02  2.0869E-01    4.5420
      20   18  2.0000E+00   2.3048   4.1223      1      20091  4.0598E-01  1.7053E-02  2.1124E-01    4.5710
      20   19  2.0000E+00   2.3096   4.0425      1      20091  4.0759E-01  1.6909E-02  2.1305E-01    4.5480
      20   20  2.0000E+00   2.3295   4.0557      1      19046  4.0741E-01  1.6792E-02  2.1377E-01    4.5470
      20   21  2.0000E+00   2.3482   4.0714      1      19046  4.0528E-01  1.6758E-02  2.1312E-01    4.5470
      20   22  2.0000E+00   2.3576   4.0940      1      18364  4.0160E-01  1.6813E-02  2.1127E-01    4.5560
      20   23  2.0000E+00   2.3552   4.0954      1      18364  3.9686E-01  1.6943E-02  2.0857E-01    4.5580
      20   24  2.0000E+00   2.3397   4.0563      1      18364  3.9149E-01  1.7127E-02  2.0531E-01    4.5510
      20   25  2.0000E+00   2.3112   3.9750      1      19052  3.8579E-01  1.7344E-02  2.0174E-01    4.9940
      20   26  2.0000E+00   2.2698   3.9898      1      19052  3.8001E-01  1.7578E-02  1.9807E-01    4.5470
      20   27  2.0000E+00   2.2185   3.9671      1      19052  3.7440E-01  1.7816E-02  1.9452E-01    4.5460
      20   28  2.0000E+00   2.1666   3.9706      1      19449  3.6916E-01  1.8048E-02  1.9124E-01    4.5840
      20   29  2.0000E+00   2.1329   4.0504      1      19449  3.6449E-01  1.8271E-02  1.8838E-01    4.5720
      20   30  2.0000E+00   2.1316   4.0821      1      19449  3.6050E-01  1.8472E-02  1.8604E-01    4.5460
